/*--------------------------------*- C++ -*----------------------------------*\
| =========                 |                                                 |
| \\      /  F ield         | OpenFOAM: The Open Source CFD Toolbox           |
|  \\    /   O peration     | Version:  2406                                  |
|   \\  /    A nd           | Website:  www.openfoam.com                      |
|    \\/     M anipulation  |                                                 |
\*---------------------------------------------------------------------------*/
FoamFile
{
    version     2.0;
    format      ascii;
    arch        "LSB;label=32;scalar=64";
    class       faceSet;
    location    "constant/polyMesh/sets";
    object      nonOrthoFaces;
}
// * * * * * * * * * * * * * * * * * * * * * * * * * * * * * * * * * * * * * //


1231
(
262158
262167
671770
671780
671783
671793
671796
409658
671806
671811
737352
737353
426095
737462
737465
737467
737472
737475
65779
409867
409868
704870
704877
704879
704883
704884
704893
704894
704896
704898
704899
704903
704909
704916
410004
410005
704920
704921
704929
704974
704975
410063
704983
705016
705025
705026
705033
705103
410216
410217
426645
426646
426650
426653
410282
410283
328466
262992
377698
377701
263038
263046
263048
263071
263100
361645
361655
361658
361661
361666
361668
361672
361683
361684
361710
361718
361721
361722
361727
361733
361741
705983
361920
705995
706018
706022
706024
706047
706056
706059
722504
116334
116335
706214
247505
689897
280303
280304
444154
280324
313103
706352
706372
722758
706376
706397
706400
706407
706409
706421
706427
706428
706436
706437
706439
706442
706443
706452
706457
280479
706466
706471
706476
706717
706722
706732
706733
706737
706739
706745
706750
706767
706768
706772
706774
706780
706781
706782
706790
706796
706797
706798
477431
477448
477457
674106
706978
706984
248362
248422
412383
412384
428775
281403
691055
478123
445360
265164
265165
461791
101402
101421
232527
232530
232532
412775
412776
314584
658662
265511
265512
265513
265516
265517
298370
265659
691737
691765
691766
200299
429676
429677
233099
691961
691997
167856
167858
184319
184320
184326
184335
184336
184342
184343
184346
184347
184350
184351
184356
184357
184366
184367
167990
184375
184376
184384
184385
184389
184390
184393
184398
184399
184403
184407
184408
184412
184416
184417
184425
184426
184453
184454
184462
184463
184505
184506
184515
168265
414059
414083
447119
611009
201413
234221
643842
185094
185116
185136
185139
185140
414553
414554
185199
185200
660358
103323
103358
103362
299986
185311
283617
185323
775156
283639
283655
283657
185361
185364
185365
283701
283702
283704
185404
185405
185444
414892
414893
185525
185526
251068
414987
497101
497111
497143
497151
447999
448000
497158
333394
693885
693886
235147
693951
693952
169683
169684
169687
169688
169696
169697
169698
169707
694003
169716
169717
169730
169734
169735
169750
169761
169773
169785
169796
169808
169821
169834
169844
169849
300922
300927
497542
169864
169876
432021
169886
169898
169908
169920
104398
104415
104416
694302
170132
170138
170145
170153
170164
170183
170189
678103
678105
170208
170210
170214
678180
678184
448850
170336
170340
170348
170356
170426
236031
612900
268865
711242
72310
72333
285359
465594
269048
269091
269092
695080
269096
269098
269107
269108
269177
269178
269182
269193
269194
269204
695192
695193
269211
465821
236449
465837
269249
269253
220409
220412
220414
220463
220465
220472
220477
138569
220493
220494
220496
679255
679259
679268
679277
679286
679295
449928
220552
220554
220607
613839
450020
450024
450026
220661
269828
269835
269838
89616
89632
679463
171593
417377
679528
220776
220777
679532
220780
220781
220801
679587
450214
679591
679597
220852
220853
679631
450283
450284
220914
220916
220917
220926
220929
220930
220968
220969
220985
220987
220992
679820
679833
679834
221148
679922
679923
679934
679935
679942
679943
679944
679947
679950
679952
679953
679954
679957
679959
679960
679961
679963
679964
679965
679969
679970
679973
679974
679975
679983
679984
679993
679995
679997
680000
680001
680010
680011
680018
680019
450643
680028
221280
221282
680037
680047
680057
680059
680060
680061
680063
680067
680069
680070
680071
680076
221324
680078
221326
680079
680080
680085
680087
680088
680089
680094
680096
680097
680098
450722
680103
680105
680106
680107
680112
680115
680116
680121
680124
680130
680133
680144
221395
680152
221401
680161
680170
680174
680176
680179
680181
680189
680198
680207
680214
254255
450866
221490
221508
680267
221539
221540
680293
237927
221572
221573
680339
680341
270741
680343
663977
270761
270762
270765
270766
221664
221667
270838
270839
270841
270842
418308
418309
221717
221754
221773
221806
221807
221811
221812
664244
221883
221884
221892
221924
221925
303846
221926
451374
221998
451377
172874
172877
172883
172903
172907
172931
680843
222092
680849
680854
680859
172958
680864
172961
418722
418723
680869
680874
222138
172989
222143
173011
304095
680929
680934
222184
680938
680941
680942
680944
173040
680945
173043
173044
222198
680956
680964
173062
173063
173064
173065
173068
173069
680996
680997
173099
173102
173103
173121
173122
304211
304216
173144
173145
173148
418909
304221
173149
418910
173170
173171
173174
173175
173198
173201
173202
304288
173227
173230
271545
271548
222403
222405
222450
222454
222481
222489
222539
222540
222557
222558
222619
222621
370081
222625
239127
304703
697929
698009
239258
222878
681641
698044
222972
222977
222979
222980
452433
255849
223106
305037
223126
223155
223175
452651
272587
43326
108902
108903
485809
764439
485938
453176
453177
305848
305849
305852
305856
305857
305862
305863
305865
305866
305867
305874
305876
305879
305881
502490
305882
305883
305889
305891
305894
305896
305897
289513
305898
305904
305906
305909
305911
305912
305913
305919
305921
305924
305926
305927
305928
305936
305939
305941
305942
305943
305951
305954
305956
305957
305958
305966
305969
305971
305972
240436
305973
240437
305981
305984
305986
305987
305988
305996
305999
306001
306003
306016
306018
306031
306033
306046
306048
306061
306063
306076
306087
306098
306100
306113
306115
240582
306128
306130
224238
306169
306172
76928
453863
437609
437611
437612
437614
421279
683441
454097
454098
126429
437769
273931
454237
290436
290438
110214
290439
290440
110217
110218
110219
454369
454370
175871
175887
175888
175901
175902
175904
175905
175917
175918
175920
175921
438071
175934
175936
667457
175937
175942
175958
175961
175972
175973
175987
175994
176010
176026
176058
176059
176062
176063
176068
176072
176076
176080
438246
438247
176136
176137
438307
438308
503846
176192
176194
667747
667811
176341
176342
176345
176348
422156
667920
667925
667926
110874
110875
110877
618933
668110
668111
455120
668114
225771
225772
225773
668150
668151
668152
668155
668156
668157
668179
668180
111124
668181
111125
668184
668185
668186
668196
668197
668198
176679
668201
668202
668203
668214
668215
668220
668232
668237
668249
668254
668266
668271
225904
668283
668288
209598
209603
209609
209610
209615
209616
209621
209624
209633
439093
455496
455498
635781
635786
439206
439207
291760
635879
488438
439294
439296
259168
242806
636124
210158
259366
259368
456005
243083
734645
734673
734688
734691
259573
259574
439828
259606
439833
79396
276077
276078
276088
276089
341657
276121
276122
276141
276142
276153
276156
341700
276189
276190
227076
276229
276230
210695
210696
210712
210713
210715
210718
210721
210726
210730
210732
276269
210733
276270
210735
210739
210744
210748
210750
210754
210757
210759
210763
210769
276309
276310
210784
440167
440168
440171
210797
440175
210809
210810
210811
210812
210813
276350
210817
210824
210825
210826
210827
210828
210829
210832
210835
210836
210837
210839
210840
210841
210842
210843
210844
210850
210851
210852
210854
210856
210857
276394
276434
473069
473070
276474
276514
473189
260206
473199
473208
473217
473226
473235
440467
473244
473251
473278
211136
473287
473296
473301
473304
473305
473310
473313
473314
473319
473322
473323
473328
473331
473332
473337
473340
473341
473346
473349
473350
227594
473355
473358
473359
473364
473367
473368
473373
473376
473377
473382
473385
473386
473390
473391
473394
473395
473399
702776
473400
473403
473404
473408
473409
473412
473413
473417
473418
473421
473422
260432
473426
473427
473429
457046
735575
473432
457048
211288
473434
473435
473439
473440
473444
473445
473450
473451
473454
473455
473460
473461
473465
473469
473470
473477
473478
473482
473483
473486
473487
473491
473492
473496
473500
473501
473509
473510
260524
473518
473519
473527
473528
473537
473573
473574
473577
473578
473582
473583
473586
473587
473591
473592
473595
473596
473601
473604
260612
473605
260613
473614
260629
260630
473623
440863
440864
260658
260659
277052
277055
260682
260683
260698
260714
260730
228008
293614
277300
277301
703302
703303
703304
703307
228178
703317
703319
228189
228237
703406
474043
474044
474045
474049
703454
703490
457744
703522
703544
703545
703547
457794
457795
261339
261340
261343
261344
261372
261373
261379
261380
261399
261400
671005
671009
261413
261416
671023
671027
671082
802222
802224
261605
703976
261647
261648
261651
261652
261656
261657
261660
261661
261664
261665
261671
261675
261679
261683
163473
409246
409247
409278
409279
409325
409326
442194
442195
704360
458604
458605
704396
704439
442305
442307
737235
737237
262125
262126
262128
)


// ************************************************************************* //
