/*--------------------------------*- C++ -*----------------------------------*\
| =========                 |                                                 |
| \\      /  F ield         | OpenFOAM: The Open Source CFD Toolbox           |
|  \\    /   O peration     | Version:  2406                                  |
|   \\  /    A nd           | Website:  www.openfoam.com                      |
|    \\/     M anipulation  |                                                 |
\*---------------------------------------------------------------------------*/
FoamFile
{
    version     2.0;
    format      binary;
    arch        "LSB;label=32;scalar=64";
    class       faceSet;
    location    "constant/polyMesh/sets";
    object      upperTriangularFace;
}
// * * * * * * * * * * * * * * * * * * * * * * * * * * * * * * * * * * * * * //


670
(
237600
237601
237650
237651
565341
565342
8306
8307
475256
163960
475257
163961
475292
475293
82102
82103
180409
180410
237772
237773
221389
221390
221397
221398
229602
229603
475372
475373
475385
475386
73997
73998
475413
475414
74009
74010
237878
237879
237880
82233
82234
180586
180587
221558
221559
565624
565625
237969
237970
237984
237985
82351
82352
475592
475593
238043
238044
565727
565728
475617
475618
565733
565734
172534
172535
565764
565765
74278
74279
475691
475692
41550
41551
238169
238170
475749
475750
238278
238279
238329
238330
205600
205601
475964
475965
213855
213856
222053
222054
213884
213885
238490
238491
197533
197534
426932
426933
181173
132021
181174
132022
74681
74682
148411
148412
189439
189440
238602
238603
222232
222233
181276
181277
238661
238662
328801
328802
238692
238693
132198
132199
238698
238699
132210
132211
132227
132228
238783
238784
238787
238788
148744
460041
148745
460042
566547
566548
197915
197916
173349
173350
197967
197968
238943
238944
238960
238961
238973
238974
198043
198044
239075
239076
239109
239110
239116
239117
83479
83480
247336
247337
230990
230991
419481
419482
239360
239361
182020
182021
239423
239424
239528
239529
223217
223218
239660
239661
239675
239676
239701
518230
239702
518231
215208
215209
166095
166096
190680
190681
567534
567535
207096
207097
567553
567554
215358
215359
428379
428380
567648
199008
567649
199009
420247
420248
207288
141752
207289
141753
240064
240065
223685
223686
199143
240104
199144
240105
231949
231950
395797
395798
240158
240159
395810
395811
215657
215658
240332
240333
215810
215811
2854
2855
224049
224050
224079
224080
215902
215903
215908
215909
215918
215919
215935
215936
207789
207790
207791
207792
232403
232404
183255
183256
216070
216071
273416
273417
216090
216091
142372
142373
207919
207920
207934
207935
216150
216151
216154
216155
150726
150727
216266
216267
216303
216304
216313
216314
208134
208135
216328
216329
216349
216350
216357
216358
216382
216383
216392
216393
224655
224656
216499
216500
85453
85454
216552
216553
183809
183810
216584
216585
175634
175635
216626
216627
216635
216636
429634
429635
85582
85583
216671
216672
208496
208497
216706
216707
208537
208538
200354
200355
413362
413363
11956
11957
216770
216771
200402
200403
216803
216804
224999
544488
225000
544489
216812
216813
233219
233220
233247
233248
233256
233257
200519
200520
12118
12119
3928
3929
421750
421751
216958
216959
85968
85969
511958
511959
217050
217051
454642
454643
471044
86020
471045
86021
331787
331788
225338
225339
184391
184392
217201
217202
192631
192632
217232
217233
422048
422049
86191
86192
217268
217269
217324
217325
192814
192815
217406
217407
217416
217417
217423
217424
86390
86391
340363
340364
217484
217485
340378
340379
217510
217511
340395
340396
233902
340399
233903
340400
217559
217560
217576
217577
217586
217587
217626
217627
217639
217640
184926
184927
217703
217704
225904
217712
225905
217713
217718
217719
217733
217734
217749
217750
225984
225985
717553
717554
717558
717559
234244
234245
226060
226061
217892
217893
193364
193365
217945
217946
234333
234334
717679
717680
86906
86907
185249
185250
70578
70579
267213
267214
70630
70631
70640
70641
267273
267274
70685
70686
201775
201776
70734
70735
472152
472153
87158
87159
218239
218240
70852
70853
398537
398538
70864
70865
193756
193757
87262
87263
70884
70885
70892
70893
87279
87280
87297
87298
226588
226589
87325
87326
87327
87328
79142
79143
70966
70967
70974
70975
70981
70982
324958
324959
447858
447859
202168
202169
472519
472520
87540
87541
235000
87544
235001
87545
30208
30209
71176
71177
87596
87597
87601
87602
87676
87677
202478
202479
87816
87817
218900
218901
235324
235325
440126
440127
218947
218948
235356
235357
218986
218987
161665
161666
235420
235421
202656
202657
88026
88027
464868
464869
88045
88046
235518
235519
161840
161841
415825
415826
71763
71764
227422
227423
71796
71797
22717
22718
71931
203004
71932
203005
465168
465169
448791
448792
219458
219459
153938
153939
465293
465294
465305
465306
465314
465315
145873
145874
219642
219643
465416
465417
162361
162362
465469
465470
195177
195178
465565
465566
219838
219839
236248
236249
195297
195298
236308
236309
211740
211741
236326
236327
236330
236331
236349
236350
473969
473970
15239
15240
195567
195568
220158
220159
154636
154637
203792
203793
228390
228391
72889
72890
236784
236785
220417
220418
220440
220441
171440
171441
236999
237000
237001
237133
237134
237185
237186
24220
24221
171754
171755
237303
237304
179972
179973
40722
40723
565030
565031
475102
475103
)


// ************************************************************************* //
